S = [1.0 0.9388732103092357 0.9519541724361908; 0.9388732103092357 1.0 0.9091517896824034; 0.9519541724361908 0.9091517896824034 1.0]
parBCA = 0.14595382348806302
parBAC = 0.5755313982183821
